36
69
19
60
85
19
73
68
37
65
47
42
9
86
34
66
80
69
65
18
66
26
72
64
7
78
53
35
29
9
72
5
37
55
11
85
35
12
68
56
76
84
92
99
79
63
75
95
24
9
8
93
84
7
37
11
98
56
53
7
67
38
39
29
94
42
5
55
76
49
32
68
1
10
42
82
35
74
85
45
4
58
11
21
2
79
22
31
18
100
88
79
60
62
89
38
45
63
5
37
58
20
20
75
77
40
92
75
65
55
77
25
71
9
3
9
27
18
28
15
21
75
37
76
62
53
9
40
21
4
37
72
69
49
87
85
39
37
44
62
87
48
66
63
24
64
9
51
59
80
12
27
36
90
17
84
83
44
14
25
32
53
54
61
18
6
56
23
22
19
71
91
75
66
29
74
10
74
53
98
45
58
82
41
93
10
36
79
32
3
2
95
23
20
31
35
94
5
46
18
8
86
29
41
10
21
53
70
62
44
75
9
92
16
80
74
72
14
69
8
71
77
91
20
17
77
68
55
36
94
80
5
29
35
90
59
29
41
32
73
58
66
18
89
29
94
3
8
41
57
64
81
37
38
48
32
96
10
24
33
53
99
34
69
64
70
80
57
26
22
46
31
82
96
51
5
60
3
91
24
74
61
14
80
31
100
69
92
88
59
64
19
18
99
20
59
32
49
26
59
14
47
82
19
11
34
99
41
87
44
73
93
20
1
60
93
86
55
39
64
2
89
70
67
58
27
13
84
77
93
73
11
78
33
11
28
79
95
69
97
2
29
5
44
87
71
100
18
40
27
74
78
11
62
58
25
77
15
62
85
21
16
64
95
72
62
16
87
90
33
15
91
86
42
62
73
85
26
81
88
28
96
44
50
20
95
1
16
76
86
51
64
34
85
77
87
65
11
73
25
56
13
28
8
13
83
92
69
100
85
41
52
35
74
57
25
72
14
75
77
62
1
12
5
82
51
57
1
66
76
9
75
54
56
32
15
69
37
37
37
3
32
16
91
46
100
30
60
29
52
15
51
36
97
64
56
2
23
26
63
27
91
4
25
77
67
99
79
43
43
56
35
77
39
74
30
85
21
60
83
22
97
73
14
61
58
39
57
93
77
14
47
11
75
11
12
28
92
15
80
1
52
18
86
97
80
74
98
24
34
71
81
64
43
41
30
19
91
64
19
28
42
86
66
29
10
25
3
28
62
3
94
6
80
83
71
80
87
17
81
84
42
34
60
7
33
83
69
34
81
94
38
28
97
52
60
66
52
58
88
56
72
70
62
32
78
75
84
61
71
51
32
74
83
36
86
9
27
60
97
27
56
69
47
68
65
66
10
29
23
5
28
30
30
25
12
72
72
29
30
58
99
8
64
31
63
65
46
61
66
52
39
93
61
61
1
4
23
95
67
12
66
56
38
66
23
2
44
58
24
14
37
99
31
39
28
49
6
17
5
1
21
50
63
72
66
35
70
70
25
8
50
78
62
18
93
44
70
98
8
62
21
88
37
53
16
41
63
22
33
53
99
7
90
66
92
17
94
67
100
89
32
75
33
16
65
59
37
13
47
85
79
8
9
43
81
33
13
11
57
26
73
48
37
73
10
43
89
96
27
77
50
4
98
20
30
46
55
21
88
58
4
50
76
48
74
92
99
47
86
59
4
84
11
75
16
85
38
60
7
23
70
42
87
71
35
75
10
90
14
35
78
92
23
100
22
23
72
90
100
19
45
43
11
68
73
67
94
24
4
46
9
96
15
66
88
63
64
6
13
100
82
9
34
52
81
13
61
12
54
93
13
49
61
88
78
28
32
19
98
69
82
87
86
68
27
83
77
58
12
59
60
67
77
100
38
36
10
59
88
60
7
83
71
11
33
61
35
27
88
61
32
45
8
45
19
96
24
66
26
99
36
3
100
95
34
47
72
62
51
43
19
73
32
39
62
99
17
76
36
66
49
51
71
52
28
16
59
32
82
43
13
44
34
89
24
4
83
76
78
86
89
74
76
45
42
60
14
70
83
20
80
49
30
60
50
86
33
49
68
18
89
40
80
9
31
75
39
43
15
59
17
41
98
50
78
75
75
26
10
68
3
89
50
63
64
65
14
75
39
39
72
35
9
60
98
50
94
68
15
68
21
71
56
25
3
39
51
81
83
76
12
8
39
100
16
100
91
17
46
66
61
64
4
77
88
82
32
38
52
28
81
7
11
43
48
32
34
26
60
25
14
34
93
64
27
64
96
10
45
99
59
78
22
49
7
58
67
80
37
