38
51
72
76
65
93
72
49
21
50
1
69
70
77
37
47
94
10
79
25
73
2
70
48
34
22
70
53
33
86
83
38
5
42
47
70
6
31
15
68
99
19
26
55
41
39
27
76
64
68
23
23
44
37
26
36
82
24
42
43
24
19
17
36
67
64
65
29
31
68
42
64
96
12
26
54
76
15
7
95
96
94
90
66
64
61
94
68
16
11
88
82
89
72
44
81
3
91
88
78
75
98
46
97
26
59
28
33
12
72
61
67
18
47
48
31
29
52
73
7
70
97
13
20
81
61
76
24
68
46
52
86
27
29
21
98
48
94
40
5
33
62
56
45
51
21
65
42
24
14
52
51
19
82
9
79
85
26
16
66
83
5
66
66
20
75
41
89
27
51
83
36
12
68
74
9
41
69
70
60
97
35
100
54
94
2
68
46
21
42
13
22
78
75
22
29
97
91
25
76
81
76
15
74
31
17
39
51
9
1
38
17
57
56
70
49
5
12
72
19
8
95
68
85
38
62
58
38
46
46
13
51
44
94
80
21
20
27
24
78
63
17
38
21
5
97
66
22
6
73
24
85
19
7
69
86
8
30
36
70
59
2
5
63
89
87
73
63
77
49
30
79
89
95
56
91
58
48
80
41
96
37
33
74
22
28
33
38
26
95
13
90
91
54
20
61
13
75
33
19
25
4
46
57
44
46
97
25
51
78
28
61
50
95
74
22
70
32
42
61
55
36
37
82
36
40
89
35
75
96
79
84
15
62
17
93
91
76
30
77
31
8
87
48
67
53
40
96
81
98
91
81
33
72
65
90
67
64
21
4
58
63
50
56
100
45
46
89
79
82
32
94
2
66
30
47
49
90
16
84
1
93
55
78
5
98
51
43
97
28
27
28
56
27
19
69
59
32
49
23
7
51
18
99
67
97
79
68
43
19
42
78
49
38
3
65
9
73
51
2
94
3
92
52
55
5
39
76
47
62
88
17
41
93
77
50
76
56
11
8
19
84
1
79
87
50
79
19
24
55
61
86
82
47
30
5
60
66
44
63
59
4
21
81
31
25
37
56
61
54
90
53
62
44
83
10
2
13
66
6
26
21
52
93
1
3
36
94
64
73
91
10
12
49
50
16
63
20
49
62
13
24
58
71
66
8
25
39
65
20
3
47
1
39
37
38
53
29
81
29
90
43
92
89
64
80
42
13
94
68
47
82
65
4
94
3
64
82
28
93
78
97
30
45
70
45
9
74
12
12
63
35
40
21
72
71
32
70
8
86
67
12
45
97
73
21
83
97
45
35
75
72
2
88
51
93
13
48
19
19
71
68
2
83
5
12
43
44
33
23
71
94
74
42
26
66
53
33
72
50
62
12
29
77
38
92
34
52
71
79
58
84
51
89
16
100
11
63
93
61
78
39
65
23
64
81
98
60
62
85
41
81
76
69
58
59
39
25
46
14
79
91
74
54
66
87
44
86
27
27
56
91
41
11
72
24
48
7
14
57
94
75
90
86
39
78
9
82
32
57
61
87
18
80
83
88
66
12
57
77
38
13
34
36
30
51
40
65
98
34
12
33
12
89
20
5
1
88
15
88
79
62
55
70
67
70
73
61
29
85
58
36
50
37
20
82
41
55
57
89
38
44
85
98
46
28
76
29
60
79
87
78
97
70
99
76
59
64
70
61
78
79
37
14
77
76
83
75
70
39
64
47
32
27
50
36
78
57
25
39
94
45
1
51
98
81
40
81
39
44
23
77
86
97
12
59
7
71
22
70
45
1
59
22
15
41
46
70
20
63
98
2
40
31
67
33
78
87
16
96
37
3
37
26
16
87
61
36
16
92
29
7
36
55
94
94
86
80
36
58
35
70
61
76
46
22
37
55
30
79
81
21
56
26
34
43
64
33
7
29
80
11
55
29
35
92
67
86
37
73
47
99
51
59
62
67
42
62
81
95
50
6
6
37
11
8
52
11
21
52
31
53
73
8
78
25
16
33
42
55
56
51
19
58
32
83
70
97
65
68
1
2
53
13
79
74
5
18
18
27
40
56
66
85
43
94
26
44
81
38
52
10
21
26
39
99
88
49
6
29
39
56
46
53
52
29
1
61
29
5
20
98
15
16
16
100
86
34
16
38
57
27
16
28
16
91
82
28
74
80
86
57
13
90
89
85
10
13
34
14
94
66
15
77
18
54
95
5
11
40
14
54
34
68
72
12
40
19
38
61
47
74
88
50
19
63
86
25
28
31
90
74
1
2
45
92
12
40
10
63